6.3551	-5.93857
-0.00878076	-6.98301
1.97443	-1.88768
1.50584	-4.08624
-0.993609	-6.24593
0.0752911	-8.64702
-1.43138	-7.11602
1.95898	-8.4018
-1.33951	-7.57394
-12.2319	-11.9337
-19.4096	-10.4866
-11.489	-14.4963
5.63616	-9.44832
-11.7389	-6.93048
-11.8806	-10.8087
-10.9417	-8.74383
-9.38858	-7.15228
-6.75043	-7.73385
-1.72371	-10.8324
8.4525	-12.8556
6.8265	-11.4672
6.86694	-10.7892
2.5752	-10.147
3.62657	-8.12612
-1.33709	-6.22902
-1.12075	-6.81464
-2.79112	-5.84307
-3.29844	-3.77151
-2.58727	-2.70139
6.31469	-5.57187
10.4865	-3.56442
8.00103	-4.38666
9.86517	-4.27572
8.73865	-6.95652
9.54169	-7.71419
11.2815	-5.53489
11.0518	-7.73797
11.1705	-7.76953
9.66645	-9.50549
-10.6108	-9.65869
-13.04	-8.6094
-12.3441	-10.2724
-10.9284	-13.0953
-8.4248	-14.2671
-7.19828	-11.3256
-4.92811	-8.66548
-0.441576	-5.38467
-0.472031	-1.59811
-8.1059	0.704128
-12.3618	-5.61761
-12.3282	-5.73855
-7.14808	-8.796
-2.19872	-3.9859
-1.48551	-3.77932
-2.51312	-0.794997
-8.34076	-3.03758
2.84233	-3.84001
-6.73558	-8.92905
-3.94396	-12.9575
-2.38699	-15.0731
-2.77561	-11.7676
-1.26801	-4.78988
-5.94251	-0.192262
0.970014	4.64282
4.96611	-6.09583
-0.876697	-5.48957
-3.19226	0.234177
0.44529	-5.27382
-2.97021	-8.63459
-0.0623543	-9.21278
-1.80132	-6.07103
-5.71211	-9.74924
-3.78366	-9.47961
-2.69918	-6.88418
-6.43678	-6.33339
-12.4785	-15.225
-3.74715	-21.6656
8.4283	-11.4195
6.15358	-21.9046
3.92427	-24.6611
3.46304	-24.8588
1.89342	-24.7672
1.11659	-25.3924
0.357656	-29.0022
1.54593	-27.7132
2.5172	-28.7684
3.67164	-29.4049
5.66806	-27.6241
5.28656	-17.3673
3.68839	-9.34769
1.66213	-5.46218
-1.63436	-5.49475
-2.00502	-10.0791
-4.79818	-12.4684
-8.45736	-14.5068
-8.53269	-13.2527
-10.2218	-10.61
-6.14761	-12.9515
-4.2313	-7.35166
-1.5596	-4.0162
1.88353	-8.15893
2.12435	-2.90133
-1.58347	-7.72993
-6.04358	-10.8473
-1.80019	-4.51144
-0.625528	-7.85414
-6.84481	-9.59372
-6.22502	-10.2605
-3.79403	-2.60801
-9.8203	-6.01794
-5.46721	-15.4164
-2.9471	-4.58644
9.77026	2.07234
7.67868	-4.96927
-1.59638	-14.6359
-0.371429	-18.2499
1.97053	-19.3126
6.50886	-11.4743
7.24881	-11.793
6.53606	-12.725
5.88936	-10.2223
4.80514	-8.75794
2.71957	-9.72274
-2.7785	-11.3287
-16.7487	-2.59349
-17.7807	0.0527821
-17.2006	1.95561
-17.8513	1.56264
-17.8448	3.06647
-17.9045	2.08109
-16.7172	-2.59166
-11.9822	-8.7663
-4.27133	-13.4443
-3.05874	-13.6657
1.79794	-10.9741
1.72119	-9.38846
3.1389	-8.20897
2.95754	-5.96976
3.86574	-5.03967
7.54117	-6.70869
6.09801	-8.38359
0.220919	-12.3972
-5.00081	-12.22
-10.9201	-9.21684
-11.3776	-9.29276
-11.2478	-9.8533
-11.571	-11.3014
-13.6954	-11.72
-12.45	-11.9933
-12.7672	-13.3751
-11.9434	-14.9395
-8.56082	-17.7101
-11.9425	-15.2177
-13.1107	-17.8569
-13.2335	-18.1428
-13.3389	-16.0673
-8.05313	-16.3473
-0.785603	-11.5878
-2.74566	3.95286
0.461116	-1.68504
-1.1217	3.69659
2.72029	-8.49734
-3.3961	-10.5646
-6.28024	-14.5368
-9.95574	-12.4025
-11.8751	-11.8742
-15.1431	-10.7894
-16.3471	-13.5567
-12.0725	-19.2574
-10.7203	-17.7074
-0.995071	-10.3633
5.13131	-5.8051
3.34532	-5.33621
5.98596	-7.47669
-0.06211	-9.61158
-2.36218	-15.1958
-5.5363	-12.5526
-4.94128	-11.1919
-2.09524	-6.94994
1.42418	-5.51332
1.89917	-6.27633
2.33346	-0.00948846
-2.09529	-5.07433
2.27924	-2.52876
-0.364993	0.350161
3.62843	-0.358959
-1.22686	-6.8292
-1.14944	-3.05732
-0.473743	1.463
5.55581	-4.85981
2.99876	-3.00635
1.93428	-2.05319
8.56952	4.23769
4.8505	-6.57004
5.27887	-7.8684
3.21487	-7.63047
-1.1691	-5.63652
0.0324648	-14.0434
-0.672938	-8.33349
-0.198853	-15.7217
-1.01887	-13.013
2.14375	-20.1716
0.942825	-20.3147
-0.534305	-19.8443
-1.18995	-19.5746
-4.53852	-16.9578
-6.74216	-14.4221
-6.93269	-13.485
-7.33894	-12.9301
-3.96244	-11.8541
-3.69748	-9.63831
-7.63504	-14.1882
-11.5042	-18.4698
-9.52346	-18.3064
-6.12008	-9.97882
-5.50677	-20.762
-1.73241	-12.4625
-3.93016	-12.0273
-8.37959	-7.80802
-7.62416	-9.00479
-9.94339	-7.08017
-11.5406	-5.82731
-12.7003	-3.45838
-13.4074	-1.87826
-7.68348	-4.38065
2.47709	-3.15655
3.49781	-3.32991
2.63429	-4.7377
2.81404	-5.13727
3.12062	-5.16008
2.35416	-3.00297
2.16653	-5.29452
2.36695	-8.19488
-8.64561	-15.1267
-13.5452	-14.2518
-15.4356	-11.8974
-16.7668	-11.0128
-17.99	-8.47811
-17.1404	-9.17658
-16.4373	-9.41348
-14.3232	-12.4701
-10.836	-16.2107
-8.35211	-19.4754
-6.37941	-19.5635
-3.75836	-21.4768
-2.07901	-20.3613
-0.460808	-19.7727
0.386797	-18.7593
4.14619	-17.7826
10.4445	-18.2626
12.6254	-16.2887
8.5549	-10.4333
3.37073	-8.32556
4.52109	-5.48871
2.34841	4.20942
-1.40921	0.671369
-1.83907	-1.76089
3.64401	-2.6303
2.7999	-4.18109
4.19696	-10.123
4.39612	-17.4672
3.05512	-21.9142
2.01977	-17.8401
0.0186918	-8.60176
9.29987	-15.1196
9.29228	-14.9439
8.99054	-15.8555
9.97258	-15.6948
9.81292	-17.6835
8.92406	-13.9022
7.40405	-13.0305
-4.5747	-16.5274
-8.99234	-11.1256
-9.8971	-10.8834
-9.37144	-10.3738
-7.21983	-13.2446
-6.40523	-14.9372
-2.81233	-16.8691
-1.10064	-17.6337
3.10669	-17.7582
3.31342	-15.7447
2.39745	-12.4374
1.45854	-11.468
2.12412	-10.7768
5.39602	-10.3442
10.1669	-13.245
-3.54808	-4.78279
-3.51549	-5.43958
3.57771	-2.4564
-2.13221	1.75426
0.244378	2.09466
-4.81613	1.93757
-4.16204	-3.46076
-6.25025	-5.76829
-5.33716	-0.916183
-9.34446	1.50749
-5.29222	-2.23549
-5.02292	-2.46356
-3.68057	-4.34413
-2.90231	-7.42567
-1.17052	-11.8569
-0.445167	-14.6097
-0.114824	-17.5043
-1.29761	-18.2868
-2.4865	-16.6479
-0.210468	-12.9496
2.51951	-13.0891
7.87363	-12.0761
7.60993	-18.2445
8.66678	-13.9503
7.57345	-14.5146
5.83768	-14.0561
6.34559	-8.64455
3.40178	-9.60985
3.97068	-10.1383
10.1532	-13.9072
4.92927	-13.611
4.80077	-11.6243
6.2181	-6.87525
8.63114	-11.0682
10.7019	-6.66973
13.224	0.0473462
6.42633	3.17206
-5.77671	-6.18301
-12.5977	-6.32091
-11.9674	-0.984483
-5.43961	-0.364043
-5.50985	-2.75523
-5.49981	-7.84737
-13.3616	-5.60486
-15.0212	-5.27383
-13.6749	-13.7942
-9.27134	-6.4254
-6.5402	-7.28984
-10.8135	-8.98041
-10.7948	-11.2814
-10.2226	-10.7369
-11.0603	-12.6463
-6.30803	-8.97258
-7.42366	-13.2816
-10.1953	-9.88875
-6.9503	-10.968
-9.34655	-10.9446
-5.32659	-13.3816
-2.63758	-16.6603
4.72412	-6.81079
-1.19612	-5.38784
-4.77097	-8.61613
-1.95962	-4.96058
-3.58071	-8.17362
-1.98104	-6.68672
-3.68475	-6.52438
-1.30117	-4.71711
1.67835	-4.97953
2.70551	-8.73162
-0.143118	-4.80751
-2.56105	-8.76751
1.9346	-6.49683
4.27825	-6.80337
1.74444	-7.84877
4.21875	-18.5061
-1.509	-22.9784
4.86683	-19.2996
3.17813	-22.3826
-0.234891	-20.5529
-4.42593	-17.0454
-6.40785	-14.8938
-9.02708	-12.9404
-9.80183	-12.1827
-9.48595	-12.3747
-9.82289	-12.9009
-9.85824	-12.1125
-9.27915	-11.3804
-8.4318	-11.3041
-8.65829	-11.2919
-7.9282	-10.7239
-7.24271	-10.3293
-6.28133	-9.9279
-5.70785	-9.36198
-2.05092	-8.02207
7.71982	-11.739
9.85104	-15.3071
7.0187	-14.3656
7.65753	-11.379
5.57571	-6.97288
2.27116	-11.5456
1.98751	-17.7001
-0.653884	-21.455
-2.61632	-21.5592
-2.96121	-21.3739
-4.49757	-21.2067
-4.45943	-20.7751
-4.30435	-19.5961
-2.532	-16.7382
-2.13303	-16.7708
-1.84168	-14.2909
-1.93113	-9.80148
-5.09025	-9.91555
-1.072	-10.5848
-6.59863	-11.983
-6.11211	-13.0281
-4.68712	-16.6824
-8.23304	-17.5654
-8.52885	-17.3329
-8.59619	-16.6131
-7.43667	-17.0307
-4.15286	-13.8048
-0.652016	-6.19468
3.45554	-11.8281
4.28598	-8.61018
0.350014	-12.752
-5.96975	-16.8823
-0.695935	-17.5948
-3.03338	-4.97509
-3.03788	-13.1668
2.63872	-8.48134
-2.52033	-14.2006
-0.447548	-12.195
-3.90752	-12.5244
-5.16565	-8.45536
-4.51519	-12.1478
-8.4406	-10.0309
-10.1739	-10.0438
-9.55237	-8.69659
-7.82028	-8.0212
-7.53699	-8.68518
-5.10981	-10.159
-6.27057	-9.74184
-5.24165	-9.5411
-5.21162	-8.52753
-6.67873	-8.60329
-7.97077	-7.69929
-11.4224	-7.95802
-13.2882	-10.2924
-13.772	-19.2859
-14.5303	-18.3908
-15.149	-20.8191
-14.8616	-21.0623
-13.6651	-20.199
-9.66023	-19.2648
-5.57024	-16.0438
-0.844628	-10.6566
2.75798	-8.53597
7.41361	-11.4067
8.00581	-20.022
10.0187	-21.0923
12.6609	-22.5568
12.0265	-21.9499
13.4339	-25.1315
11.0067	-25.0291
13.4131	-23.611
15.77	-24.4959
18.7903	-23.7904
10.7866	-20.2229
7.36259	-16.4779
4.43151	-12.4717
-0.0726631	-9.87122
-3.79861	-9.35778
-7.16988	-9.07086
-9.97416	-8.47928
-11.4753	-5.25615
-9.73163	-5.06915
-7.91686	-2.93754
-5.97708	-3.15776
-1.33674	-8.45623
-0.00410926	-14.951
0.660991	-21.0374
-0.671554	-23.8901
-4.05432	-25.1058
-5.26969	-25.7768
-6.05684	-23.8051
-6.58079	-21.2409
-4.97567	-22.0006
-2.58693	-23.7589
-2.49459	-22.4882
0.552086	-21.5024
-2.16709	-19.3231
-0.753321	-13.2321
2.95531	-10.9976
7.06913	-8.05362
10.5737	0.0604061
4.56031	-1.94583
6.26925	-0.68072
-6.43405	-10.3746
-3.14249	-7.48699
-3.28338	-11.6271
0.987092	-9.89402
-4.37464	-8.2407
3.00208	-10.4644
-3.30656	-11.7977
-3.2915	-3.87249
3.13715	-7.39349
-0.568115	-8.12646
-3.25898	-13.014
3.15398	-3.71213
-0.407358	-2.05971
-0.379837	-3.67982
-1.54013	-3.12401
0.548574	-4.45232
2.65337	-3.78057
6.50113	-3.50689
10.2979	-3.51489
5.8576	-6.8601
9.12591	-8.26453
7.94087	-7.953
2.70489	-6.22293
-7.61412	-13.1358
-12.2564	-16.8561
-14.9045	-18.4441
-15.4	-13.5225
-15.0272	-13.8055
-15.5355	-13.7468
-12.1818	-14.5249
-8.60552	-15.5227
3.32678	-18.1911
10.8383	-13.1638
9.26385	-14.5506
10.1866	-15.5372
7.58337	-14.9782
8.05086	-16.8264
9.77938	-19.9478
10.2417	-18.1806
9.66068	-15.3556
12.5039	-21.6015
5.94228	-26.0222
1.36513	-22.7649
1.81704	-22.0608
0.109418	-15.9271
-0.290869	-20.4918
-6.41777	-20.2119
-9.28011	-19.0996
-10.1706	-15.585
-9.98189	-14.3785
-8.95114	-12.937
-10.4307	-12.2641
-8.76465	-12.4645
-6.22105	-15.9049
-2.53377	-18.0735
2.16289	-13.9603
7.21822	-12.0317
7.45673	-14.8242
9.57233	-18.2148
11.479	-15.4736
8.26479	-15.2382
4.79558	-14.1372
5.15746	-16.8298
3.00233	-21.5072
2.63497	-19.0871
2.01481	-17.3322
-1.41858	-15.0542
-3.80561	-13.4415
-7.06665	-12.2753
-6.98791	-11.5376
-2.90624	-5.88861
1.90661	-6.42585
4.87156	-7.70331
6.6069	-8.24864
6.83946	-6.29002
7.29554	-6.26879
-4.19059	-7.79101
-6.43986	-8.35583
-7.86536	-10.6915
-10.0406	-11.4762
-4.45545	-16.0203
-2.64704	-18.3615
-2.49812	-14.02
-1.57471	-17.7764
0.503926	-19.648
7.13643	-19.5969
12.7183	-19.0342
10.5059	-11.2032
0.0224595	-11.0645
4.41151	-9.05461
0.941092	-19.3839
-7.07536	-25.7679
2.27044	-20.1358
6.00591	-30.0086
3.03243	-28.5595
4.00513	-26.5811
4.78945	-27.3171
5.99161	-27.3436
7.4251	-24.6648
12.5896	-24.2641
8.52901	-12.9886
1.65474	-18.8436
0.445446	-13.0442
-3.43124	-15.4241
2.64397	-15.9884
3.63635	-25.1628
2.25434	-24.6381
8.71987	-20.042
8.7022	-17.2835
-0.574859	-23.9122
-3.19892	-22.9504
-3.01432	-23.2584
-1.57045	-24.5507
-1.79922	-26.2668
-0.382076	-26.0916
0.652059	-24.1572
1.59356	-22.3058
-0.215801	-24.8996
-0.42626	-24.0797
-0.311408	-24.8998
-0.631636	-25.7468
-1.32893	-28.057
-1.80763	-29.6405
-1.89479	-27.5983
-3.54831	-23.9462
-3.47579	-22.9779
-1.93122	-21.5131
0.168767	-18.2641
6.41851	-13.285
10.1802	-14.5086
7.14	-13.4399
8.13044	-13.1971
7.91323	-15.3203
7.05428	-16.3121
6.28415	-19.3153
6.48162	-22.7145
4.27196	-21.477
3.64924	-17.514
5.95476	-12.3275
0.312543	-14.2964
2.37191	-7.04998
3.3893	-12.0033
6.40214	-9.4299
5.45948	-26.7136
3.84569	-26.2277
5.46467	-26.3481
3.35424	-24.713
2.83338	-22.6201
1.24169	-20.2786
-0.134304	-16.5785
1.481	-18.0062
0.465541	-15.3524
-0.643833	-7.50656
1.23663	-9.54958
-1.9827	-7.47748
-0.675085	-12.1545
0.675165	-20.254
-1.70944	-18.2194
-0.595118	-18.4378
0.432234	-17.4407
0.201228	-17.2795
0.91751	-17.4242
3.70456	-17.6753
8.59001	-14.1291
16.1917	-13.3593
16.1057	-17.2925
14.5846	-20.3666
11.5541	-20.0688
7.58162	-21.0602
7.47704	-18.1615
9.91763	-19.8596
7.28685	-14.5694
10.5681	-5.29762
7.4587	-3.21827
5.92142	-5.3293
8.18658	-7.49234
-8.01474	-8.18292
-7.93914	-8.51357
-7.31446	-10.7641
-4.81276	-10.0122
-2.928	-9.52607
0.943769	-12.8247
2.86745	-14.703
4.70746	-15.3291
6.33636	-14.8812
10.9899	-14.815
11.9085	-22.6963
12.4855	-20.5193
8.82717	-14.905
9.38332	-15.7678
9.56816	-15.2099
8.47962	-15.3918
7.16595	-6.58697
6.93709	-5.3069
7.8995	-6.94939
2.60064	-21.8606
6.45004	-20.0359
0.38498	-22.1151
0.13829	-17.3511
-1.97443	-15.517
-3.65433	-14.985
-3.04258	-15.5536
-2.90558	-15.2554
-3.86025	-14.1621
-0.779305	-9.08248
-0.793947	-8.73947
-0.365043	-8.85478
-5.10745	-9.31164
-5.26427	-10.3503
-5.54486	-10.1558
-5.03789	-10.0873
-5.35009	-8.68597
2.89115	-12.002
10.8222	-12.9337
10.099	-15.2697
5.8241	-12.9181
7.67654	-11.6448
6.94774	-6.95648
9.66405	-13.8075
14.0418	-15.2104
13.4726	-14.4448
-4.52155	-15.2174
-5.88867	-12.5396
-7.98739	-10.4166
-8.93714	-10.0824
-6.91654	-3.9605
-5.27569	-10.1997
-3.45668	-3.53787
-2.33986	-9.16017
5.34297	-11.1027
4.5582	-20.5436
5.96602	-28.4533
8.16184	-29.1143
9.6361	-27.3561
12.2257	-22.3607
11.3401	-20.3623
9.80103	-7.02253
-0.292509	-7.22755
0.532763	-9.28903
2.4121	-2.85948
5.09907	-1.60014
-1.48276	-6.49064
-5.31059	-17.5569
2.42395	-16.5191
-2.17434	-17.5468
-3.17456	-16.8376
-2.70792	-15.5277
-2.60218	-16.5084
-2.69032	-14.3591
-4.22468	-12.7066
-7.16508	-10.8885
-4.07359	-8.23421
-3.53117	-3.93016
-3.37243	-2.43695
-4.89676	-0.139435
-1.74614	-1.02254
-0.225357	-0.025746
-1.99887	-2.01484
0.472431	-0.0204711
3.34543	3.60553
2.19541	1.53969
-1.4714	-4.09667
0.12637	-6.33326
-7.36544	-10.9612
2.79303	-4.01309
0.26613	-7.9469
3.20173	-9.66549
0.548644	-4.78247
2.56721	-7.24576
0.924879	-8.59141
-2.0271	-8.02824
-1.19719	-2.69589
1.74812	-6.06321
-1.0802	-6.10597
1.96371	-5.45341
2.91131	-7.55904
-1.89943	-4.25533
-4.56217	-10.072
-12.3305	-14.935
-11.8796	-18.4892
-13.9409	-12.7027
-10.1609	-13.0586
-3.25142	-15.1958
2.71923	-10.0053
5.78337	-1.02101
7.96081	-5.7643
6.62638	-5.90827
3.5414	-6.7341
-2.1214	-21.9731
-2.25003	-10.6551
-8.8716	-10
-10.7432	-8.10478
-13.4272	-13.8141
-9.92353	-7.91525
-7.59744	-5.83063
-2.953	-0.86673
-0.289399	-16.1342
-2.33983	-16.952
-2.38349	-18.3657
-1.17487	-17.234
0.778	-13.5219
1.88476	-9.32348
5.14675	-8.29541
9.831	-11.2014
3.74593	-9.97867
-5.5112	-13.2648
-3.00936	-8.60016
-4.61415	-17.2722
-5.51205	-18.6661
-4.36816	-20.6995
-2.88278	-16.7842
2.00885	-18.9611
4.63956	-22.9765
7.66276	-20.3375
5.38289	-22.7251
0.531578	-23.2297
-0.0909759	-26.1475
2.67593	-26.4126
3.66632	-23.1676
2.41921	-17.2128
-0.608576	-12.4627
-6.28888	-9.39911
-8.71965	-9.17676
-9.77066	-11.7003
-6.36242	-9.78364
3.94805	-7.02745
3.68009	-10.9858
7.19542	-4.97121
5.38562	-6.08286
1.15775	-5.50436
-0.546546	-6.84452
6.52837	-3.5459
-2.02169	-8.08445
-0.264723	-4.19854
3.09772	4.15149
6.22527	-3.75513
4.17177	-16.033
0.519927	-21.495
-3.69861	-18.8572
-4.86231	-16.4938
-2.80881	-19.3019
-2.76396	-19.7137
-2.92329	-19.1823
-2.68775	-19.4284
-2.92425	-18.4729
-1.44455	-17.1993
-1.93079	-16.5611
-3.1288	-16.2501
-7.32277	-12.9808
-8.51269	-12.2981
-8.86731	-11.0019
-11.6556	-10.1341
-9.09299	-9.27925
-7.40965	-8.94038
-6.72559	-9.10654
-5.49116	-8.72431
-4.36797	-8.80509
-2.6753	-8.54414
4.44413	-9.10413
6.47473	-7.40882
2.07082	-6.54531
-3.17315	-8.64673
-5.15895	-8.31169
-7.22686	-8.81389
-7.00086	-9.12934
-6.66158	-9.55652
-4.83502	-9.24465
-8.48469	-3.55422
-7.74483	-1.4061
-4.50285	-1.00915
-8.18604	-5.33042
-8.94343	-5.58556
-7.62564	-6.80733
-0.992525	-5.85304
-4.42635	-4.90452
-2.5974	-1.16678
-7.48436	-1.89866
-2.64134	-9.73548
-4.22067	-12.0178
3.58561	-6.56542
-7.14379	-9.69143
-5.46407	-14.9517
-4.15822	-14.1909
-1.42792	-17.4385
2.18225	-19.2053
3.00622	-12.8815
4.17711	-10.4463
1.3885	-11.9016
-8.901	-11.4625
-8.32308	-5.46529
3.01391	-5.30593
4.49107	-5.96578
6.07132	-2.98918
2.52107	-9.79592
-1.71271	-6.56495
-7.54978	-6.07766
-11.5516	-11.9673
-4.66614	-14.4523
7.33704	-9.70016
7.39972	-15.8405
-1.77247	-12.0145
0.0325918	-16.4417
-3.07903	-18.0315
-7.74957	-17.0065
-10.1198	-16.2255
-10.3133	-14.6625
-12.3245	-16.2298
-13.4436	-18.0131
-16.0823	-12.7075
-15.7021	-13.3995
-17.7201	-14.1587
-18.0695	-11.6509
-16.7055	-6.10349
-14.8173	-5.4404
-15.4654	-4.70335
-13.2826	-5.85254
-8.54426	-7.67233
-3.74098	-8.76983
2.20348	-12.8359
6.285	-12.6247
10.4589	-9.24985
14.669	-17.6839
11.1524	-22.6886
10.9351	-26.1088
11.0067	-23.2403
8.69038	-25.273
8.39977	-23.3993
10.0673	-23.618
3.00504	-21.0664
0.731404	-20.3411
-0.717626	-19.9721
-2.15186	-17.6242
-6.19092	-12.9795
-9.7295	-12.0347
-12.3568	-12.8426
-12.7754	-15.1013
-13.7175	-13.4501
-14.1944	-11.3638
-11.6354	-11.4038
-10.9892	-8.89068
-9.74917	-6.45597
-7.92458	-8.32389
0.698795	-1.10842
-3.512	-9.90039
-8.10797	-21.5557
-7.91945	-18.9125
-4.1141	-14.1133
-5.61406	-8.35296
-4.74043	-7.18865
-6.48401	-15.491
-4.91955	-6.64673
-4.0412	-11.1956
-0.436582	2.81812
-4.21679	-3.13965
0.305283	-4.2538
0.175673	-7.89209
-2.3522	-9.36058
3.33895	-6.92369
-2.021	-5.66729
3.02423	-2.91943
-1.1515	-4.46816
-0.436456	-8.47746
-0.739021	-5.22732
-0.378591	-9.54259
3.46948	-12.0257
-0.910261	-12.2881
3.54529	-12.1201
3.45897	-14.4272
0.547733	-12.3346
-0.0807502	-13.763
1.44263	-16.7935
3.24836	-22.1892
3.1533	-26.2571
0.859627	-25.2988
4.14575	-22.0703
3.20425	-14.711
5.74621	-18.3963
4.46996	-17.4452
6.17596	-16.7169
5.75169	-17.6361
4.61619	-18.2947
6.60967	-18.5322
-1.95588	-4.19028
-2.76031	-5.37354
-5.93953	-6.90005
-4.08028	-3.36848
-0.224906	-14.7343
-6.49099	-8.40596
-4.71127	-9.79231
-3.36544	-12.6155
-3.48595	-12.5248
-2.27609	-12.1828
-1.17267	-11.8997
2.53216	-10.8459
2.03114	-9.19087
4.16813	-10.5424
6.52626	-13.3048
7.30087	-19.4359
4.85733	-22.584
4.62552	-25.3609
1.82521	-27.0052
-1.40405	-27.1857
-3.35905	-22.6444
-4.00105	-21.4877
-3.07615	-18.5897
-0.366809	-19.052
7.74502	-12.2726
10.3484	-11.3592
8.70043	-9.40329
11.3199	-12.7461
4.12015	-8.70206
8.84641	-4.72733
5.38261	-1.13707
-3.0466	-2.69285
-16.1698	-8.34539
-1.60646	-2.53588
-2.72688	-15.5644
-3.04437	-20.973
-4.71746	-15.6868
-5.3194	-15.1901
-6.9001	-11.7346
-7.62541	-10.3552
-7.21497	-10.2976
-8.31301	-9.11861
-8.42375	-8.14022
-3.73685	-4.46677
9.4379	-20.1191
8.05394	-19.4872
6.97548	-21.0533
7.82323	-17.7185
8.0133	-19.6255
6.049	-20.9643
8.07026	-20.1342
5.75027	-18.888
-0.813239	-8.76635
-0.83049	-5.46927
-7.13345	2.41163
-4.03897	-6.52223
-4.98715	-1.24752
-3.32444	-10.3794
0.145748	-0.372858
-5.33524	-2.24019
-6.17722	-12.0425
-6.53176	-12.4729
-7.37436	-11.716
-7.39537	-9.35988
-8.14722	-6.07487
-8.86462	-4.57674
-5.56721	-3.15712
6.74194	-3.10314
5.51829	-5.4133
5.14258	-4.96142
-4.49258	-5.43659
-6.82243	-8.31764
-8.64023	-6.3745
-8.08315	-5.93511
-5.25629	-6.49366
-3.84404	-9.99401
-2.93168	-13.6587
-2.19736	-17.7931
-1.73379	-21.9037
0.586637	-16.3389
5.52019	-9.49617
5.9978	-8.91147
9.8929	-7.59423
6.3326	-0.565641
5.56738	0.704877
-3.48022	-2.51517
-2.34818	-1.96048
-3.10516	-2.34546
-0.744269	-6.10368
0.66376	-10.8103
2.34539	-16.3383
-0.661753	-15.6501
-1.16918	-14.511
-3.19071	-13.1597
-5.67752	-10.7524
-7.66236	-7.91194
-6.45528	-7.35317
-3.77401	-7.68048
-0.518469	-9.55307
4.56038	-9.50605
5.97203	-16.6398
5.85796	-16.8856
4.59503	-18.7929
4.10942	-16.0386
2.46149	-14.7213
1.92098	-16.2542
0.819078	-18.5631
5.72762	-21.4816
5.53199	-21.0124
5.89639	-22.8723
5.92728	-23.2354
-4.47248	-18.4014
-11.0382	-16.6574
-20.0501	-10.7993
-21.1394	-14.5107
-22.1064	-13.7008
-19.3366	-12.0728
-21.2709	-9.76598
-19.032	-3.82442
-16.6682	-5.96776
-13.9153	-7.90405
-11.5371	-7.22781
-7.88071	-9.7529
-4.60133	-11.9746
-1.46224	-18.4838
-0.29979	-22.7816
1.26686	-17.5889
2.25455	-8.35345
1.81755	-5.75021
6.72773	-0.604025
5.9696	-2.93613
2.61508	-6.51352
4.61117	-5.59611
4.86238	-9.5574
3.26374	-4.75426
1.36853	-5.11466
6.36218	-1.26762
15.1932	1.19063
5.14653	-3.26923
7.2159	-0.641962
7.02965	-2.8229
2.92506	-0.518453
3.26284	-1.26401
0.350388	-4.47093
-13.6556	-2.93006
-13.5626	5.25414
-10.7048	5.33674
-11.4625	4.94482
-10.5559	1.46785
-10.5998	2.20523
-9.68409	1.00664
-8.10333	-2.96596
-7.73264	-6.09632
-7.80569	-8.60699
-7.63138	-11.6994
-5.19948	-11.9284
1.6188	-11.4861
-2.65283	-10.4629
-12.4329	-9.48659
-6.60883	-9.28056
-7.72353	-8.11906
-7.38122	-6.66066
-8.45726	-7.27536
-10.428	-5.17187
-7.67272	-6.23482
-7.03992	-5.81589
0.758546	-2.16358
0.473361	0.797157
3.9505	3.00442
0.69285	3.0273
3.07046	6.28486
-2.4061	0.182223
-2.67192	-1.81217
-5.75239	-3.45915
-5.42574	-7.37709
-9.62975	-7.5164
-10.0793	-6.0789
-9.98885	-6.12193
-8.65814	-5.97526
-3.16868	-11.4631
3.25557	-12.4719
5.3891	-16.4946
4.16146	-14.0802
4.2488	-14.4931
4.93487	-14.0229
4.80266	-13.1359
5.75369	-13.3352
8.70525	-14.4841
7.91384	-15.0682
9.50538	-14.6817
9.86818	-9.70513
4.6102	-12.568
5.32893	-23.0926
-1.70252	-20.2525
-4.34935	-18.6785
-7.51707	-16.4106
-12.1735	-12.9692
-19.2874	-6.86659
-16.9643	-6.73468
-17.4469	-5.08805
-17.3532	-5.19552
-17.8878	-6.91479
-18.3459	-6.71407
-18.4007	-8.65201
-19.514	-8.9999
-18.128	-9.14579
-17.7793	-9.26497
-16.6109	-9.17452
-9.17996	-6.28943
-6.13059	-5.26269
0.267047	-10.3069
3.66511	-3.85501
2.90466	-5.72226
1.47185	-8.45446
-0.725927	-10.238
-5.70905	-5.75175
-17.4909	-2.4153
-14.9717	0.991606
-13.0995	0.647832
-11.2773	-0.922659
-8.12094	-6.01853
-3.31412	-13.9717
2.18183	-11.5948
-0.622809	-15.3541
-4.32267	-15.8295
-4.14982	-13.9964
-5.02458	-12.6364
-2.81188	-14.1841
-0.862123	-17.9373
1.63777	-20.5611
4.42394	-22.409
9.22735	-17.6093
7.33426	-9.81902
6.52192	-10.6722
8.21532	-17.1763
2.34541	-12.1003
2.39242	-9.44024
11.2484	-12.921
5.58172	-5.02468
2.04192	-6.74745
3.58392	-9.17836
5.22704	-6.28553
4.0987	-12.6815
0.529809	-17.7925
2.26896	-22.0742
1.81419	-22.8923
3.26342	-24.1385
1.28441	-24.3696
1.10968	-24.514
0.552571	-24.476
0.272209	-21.4192
1.97263	-18.6736
9.40046	-17.0588
9.05359	-19.5446
9.27165	-16.2132
9.69551	-13.4165
6.15376	-15.017
6.59482	-12.8583
4.84125	-15.0025
6.70177	-12.8364
8.55834	-8.62883
7.7423	-7.58633
4.96066	-8.26692
4.13398	-10.0047
-4.2128	-10.3124
-7.35479	-13.0412
0.0933717	-22.983
-1.67382	-22.61
-5.02599	-19.4548
-6.01735	-16.1841
-1.85254	-19.7421
-1.44779	-18.1056
-3.42123	-17.2612
-3.18212	-15.225
-3.9051	-9.46436
10.8208	-15.265
7.27442	-8.10468
10.8907	-11.3802
8.19472	-14.3668
10.755	-17.3416
11.217	-15.4655
10.3105	-12.4712
9.35682	-13.2365
7.37705	-12.8522
5.43421	-9.51142
7.13683	-8.12744
6.68149	-11.1106
4.69746	-2.66927
-10.4913	-9.36198
-5.40537	8.93333
-5.78049	-8.1344
-1.2802	-5.19902
0.798731	0.554755
-0.864354	-4.66265
-0.0990086	-3.10293
-0.249053	-0.832954
2.67244	-6.52143
-0.245349	-4.99368
-2.77168	-10.7201
-9.16851	-13.7612
-7.4598	-9.19611
-8.14155	-7.31692
-8.03427	-7.03599
-8.13772	-7.35204
-9.20222	-6.83323
-9.41753	-7.49412
-11.0258	-5.61591
-3.44242	-11.0136
3.25648	-11.2014
3.63869	-11.9253
-7.76156	-8.20735
-7.82653	-6.8797
-6.95348	-7.66122
-6.4989	-8.92816
-6.92655	-10.6855
-6.53575	-12.0742
-6.38616	-14.4544
-4.94343	-14.8113
-0.997019	-16.4512
3.54462	-16.0199
6.38837	-16.0059
8.86938	-21.9301
9.53587	-28.3886
5.32827	-27.2197
2.59591	-28.0109
0.881603	-23.0317
-1.57326	-26.0641
-1.47582	-27.3461
-2.73776	-28.5419
-4.39729	-30.1031
-5.63111	-31.7264
-4.16402	-25.9217
-4.547	-23.8842
-5.38173	-19.1367
-5.53198	-16.0209
-5.8273	-16.2929
-6.11149	-18.1359
-5.6261	-18.5756
-9.56544	-17.1646
-10.27	-10.9548
1.71515	-12.3653
-3.43155	-16.3418
-2.51852	-17.2054
-4.56289	-18.2777
-2.27819	-19.2609
-3.92899	-13.0707
2.72863	-10.6208
1.24229	-2.10915
-2.8942	-1.4696
-5.00944	-15.4681
-2.99063	-10.3982
2.71343	-9.7744
-16.0079	-1.78316
-16.6192	2.14614
-10.7249	-4.54652
-10.5818	-11.4712
-11.5891	-10.4106
-8.955	-11.1923
2.33778	-11.8967
6.9158	-15.7336
7.15196	-13.0731
9.59446	-12.7469
8.5577	-15.5591
7.95724	-16.1442
3.97618	-9.31885
7.22728	-7.44791
-6.26019	-18.8261
-8.00145	-8.25974
-8.87703	1.46483
-9.42197	-11.217
-7.04803	-6.85373
-7.31544	-2.52496
-4.58475	-2.73131
-6.48096	-8.31069
0.482687	-4.04156
4.24587	-12.3774
1.9342	-23.0038
3.98349	-26.8414
2.89687	-27.3236
3.07354	-26.6573
4.43461	-27.9163
5.48126	-26.117
4.25192	-29.4342
5.36177	-28.1125
5.49137	-25.6305
3.38385	-26.9221
3.4575	-27.0927
4.03255	-27.3702
6.66051	-26.5155
6.05763	-20.0325
-0.147141	-9.11967
1.43135	-10.5349
3.72388	-10.3441
9.89791	-6.88795
11.4557	-7.44901
8.6765	-10.2486
2.52575	-3.30732
2.54911	-1.97681
-4.47871	-11.2252
-12.2234	-9.13133
-12.3831	-6.05237
-7.51391	-9.55573
-0.668209	-10.0555
-0.00628178	-5.11265
5.1784	0.701523
6.80405	2.39608
-2.05704	-1.90349
-5.13271	-5.53746
-5.57837	-6.33345
-6.45935	-2.30787
-11.8544	-10.9565
-7.20055	-14.9827
-3.52896	-5.02262
0.301284	-12.0476
4.58208	-12.6065
3.9263	-21.4258
4.42222	-24.2067
6.37323	-27.0008
5.01043	-23.7288
6.86058	-19.4759
5.05988	-10.8129
3.51039	-3.22845
13.3276	-1.3407
2.3985	-10.6464
-3.81022	-14.5005
1.89438	-7.46628
1.12591	-9.82644
4.6067	-14.6275
8.12582	-8.76949
7.43091	-9.38661
4.83131	-11.2466
2.34325	-15.8088
0.929436	-17.6507
-2.71238	-17.0545
-0.450042	-20.9502
-5.50065	-13.0588
-6.2077	-7.10131
-5.87487	-2.13729
-3.11443	-1.25561
-3.13926	-2.10706
-3.75683	2.1782
-2.49261	0.546331
-5.18081	0.254103
-2.70703	-2.12917
-0.026067	0.215241
3.27842	-1.47147
0.177814	-3.43099
1.89837	0.0051277
-2.55509	2.18969
1.82745	-3.11286
3.28226	-5.88463
1.09774	0.177102
-0.558203	-3.22919
-6.63217	-12.2859
-12.5391	-16.6424
-15.8103	-17.9511
-15.5509	-16.7949
-15.9683	-18.1653
-10.3386	-19.3761
-9.85688	-20.0105
-3.5664	-20.1645
2.87782	-17.1394
4.44187	-15.787
4.46162	-14.117
6.15588	-15.2916
4.60365	-16.5448
5.14409	-14.5665
8.21747	-14.5955
4.66358	-12.9078
4.58946	-8.50332
9.95401	-3.72753
5.29933	1.10599
0.343487	-5.72527
6.49545	-2.2843
0.243014	-3.85368
-1.8595	-10.4655
-5.24991	-7.41203
-14.1114	-8.93421
-15.5239	-7.81499
-13.4555	-7.95313
-12.1771	-7.61889
-12.0675	-6.6081
-10.8932	-7.18697
-10.8164	-9.19804
-8.98704	-13.5082
-7.77073	-15.9183
-4.02448	-17.1135
0.524168	-12.5167
0.265887	-23.8931
1.17632	-25.9729
7.273	-24.8058
5.58322	-14.7941
-0.156986	-9.35008
0.623854	-12.5072
1.88038	-11.439
2.30555	-14.3246
7.76987	-20.3109
5.12838	-21.8538
6.88579	-20.7987
7.79827	-18.8961
7.11069	-17.0443
4.96943	-16.0571
6.68176	-14.2321
7.76656	-12.6045
-9.68007	-5.38017
-9.10611	-5.2981
-6.10615	-6.93401
-4.80048	-8.87267
-5.28654	-10.5613
-3.5708	-15.4902
-1.14868	-20.5811
4.96416	-21.4387
8.4447	-18.5399
5.26002	-23.6497
2.14373	-28.325
0.375243	-26.6397
-1.73486	-25.7315
-0.658576	-24.7396
-0.791924	-26.781
-0.758104	-25.661
-1.96429	-29.6771
-1.27265	-29.8109
-1.22723	-30.2459
-1.71833	-30.2738
-1.23558	-30.2209
-1.28227	-29.4161
-3.11767	-24.5731
-3.20463	-18.3815
-8.16116	-12.3674
-8.14609	-13.6681
-8.69124	-13.6826
-6.52454	-15.5127
-5.15034	-17.608
-1.82862	-18.4501
2.49906	-19.2131
-1.52181	-13.1826
1.55651	-12.247
-9.10329	-12.909
-7.28624	-12.505
-3.09294	-13.8278
0.59567	-13.8179
-5.69527	-16.5221
-7.23361	-7.15199
-6.73553	-14.5538
-7.21339	-12.6878
-0.446984	-1.58892
-12.966	-14.2821
-16.8729	-11.3757
-12.7186	-10.0455
-9.06067	-10.6852
-0.235056	-11.0893
8.99074	-10.4238
6.55528	-12.9527
8.65504	-15.326
12.7453	-20.1091
9.22023	-17.342
8.7309	-18.5342
7.57912	-13.6871
11.6763	-12.1401
-2.65906	-16.5964
-3.83503	-7.53363
0.497303	-1.94762
-5.53993	1.2344
-6.02477	-4.95051
-11.8376	-6.54534
-11.9549	-6.9356
-13.9193	-6.67922
-14.7091	-7.4941
-15.042	-7.67414
-17.6896	-7.20828
-16.7712	-5.11782
-14.822	-8.27218
-10.8724	-13.0789
-9.11592	-13.6018
-3.79233	-15.0846
0.495631	-14.1062
1.99999	-8.57826
7.97197	-5.6686
8.75694	-7.29839
7.09519	-7.18373
4.71821	-8.13865
4.10391	-4.70378
2.66358	-5.17369
-13.1912	-0.0840749
-15.8685	3.03982
-15.4636	3.54002
-14.1184	3.18227
-13.7154	2.2067
-14.1287	2.85726
-12.0231	1.16135
-10.8902	0.134387
-9.2106	-2.43285
-10.3608	-2.70362
-9.42381	-3.62725
-5.56922	-10.9399
-3.27324	-15.5647
-4.40678	-4.07339
-1.8354	-6.42221
-3.58306	-17.3063
-1.88179	-16.4393
-1.43901	-15.341
-1.36169	-19.6424
0.970765	-18.2516
3.34051	-11.142
-4.39867	-13.2123
-1.64506	-8.45687
1.0868	-1.68306
1.44941	-1.59514
1.02453	0.988526
-1.34306	-7.86597
2.4595	-8.06367
4.76954	-10.2673
-2.53875	-7.08067
1.52215	-3.94183
-0.381721	-2.89292
6.53835	-1.83588
-3.29642	-12.0143
2.08651	-20.7464
-0.857701	-24.9492
-0.417929	-23.6411
-0.125435	-25.9259
-1.33375	-27.0978
-1.40626	-27.7877
-2.27048	-27.3488
-3.13702	-26.8228
-3.50515	-26.8199
-4.75281	-25.521
-4.13893	-25.5209
-4.41761	-25.9904
-1.39524	-26.4202
1.5235	-21.0128
-2.57888	-14.9282
-1.93634	-13.212
-4.03805	-5.07414
-4.66854	-1.64956
-1.61377	0.338443
0.510798	-5.15561
-1.68298	-10.6505
-0.275662	-23.1764
-1.95403	-24.107
-1.68732	-27.6623
-2.381	-28.3639
-4.05547	-29.1009
-2.37971	-30.8945
-2.45255	-28.2312
-1.38978	-28.0424
1.70115	-22.1406
5.30897	-25.1156
6.397	-24.1894
6.97794	-26.3356
6.22763	-25.3575
3.49592	-24.5671
7.12459	-25.967
5.09153	-24.015
3.06032	-21.5769
4.27952	-17.3879
1.28618	-11.7558
12.1314	-7.20241
7.55492	-4.70981
3.78432	-4.17817
6.78207	-3.71793
0.409105	-12.0323
-4.45383	-11.3627
-8.32952	-9.2356
-10.7503	-8.39477
-12.6752	-8.6896
-16.2051	-8.05817
-17.4206	-9.12617
-19.3071	-9.41766
-18.1271	-12.6863
-15.4578	-16.1424
-14.7443	-10.1437
-9.00364	-11.0727
-1.79522	-5.20498
-1.15742	-1.19013
-4.14682	-8.32933
-7.90879	-7.07069
-7.52833	-7.18351
-4.06154	-15.0235
-4.45901	-7.59281
-0.408309	-6.40135
-10.5763	-6.89238
-3.08072	0.239036
-9.37996	-8.80743
-12.3252	-8.52015
-14.5238	-8.14345
-15.4462	-6.30257
-15.2691	-4.15067
-14.3808	-2.52303
-14.0712	-0.616056
-14.668	0.955784
-15.3153	0.713759
-16.9598	3.52307
-15.9612	-0.559357
-3.65781	-5.36962
2.8893	-4.13558
4.24585	-5.79075
2.86783	-4.59973
2.52307	-7.42515
-3.7311	-5.73855
-15.4772	-3.49535
-18.7714	-0.661883
-16.8451	-1.29385
-16.763	-1.49044
-16.1505	-3.68563
-10.2821	-11.5502
-9.3774	-14.8733
-6.81411	-16.3742
-4.03337	-16.8874
0.516019	-16.0403
1.99965	-14.5414
0.960246	-13.0021
-10.384	-11.7045
-7.78567	-11.4125
-12.9898	-11.042
-14.1259	-11.7498
-16.2876	-12.8661
-19.9893	-13.0062
-18.4426	-11.8304
-15.7796	-11.8426
-16.3547	-10.0154
-13.9097	-5.61182
-12.4837	-0.156373
-0.620258	-3.09015
-3.59641	-5.3487
-2.26105	-8.98
-8.36015	-0.954466
-11.8869	-6.47888
-12.7713	-5.1959
-12.2851	-3.85419
-9.59947	-4.50223
-9.40162	-3.32211
-6.42654	-3.24212
5.2995	-8.16457
5.13265	-6.88125
6.80264	-7.56103
7.7292	-6.52312
6.36939	-5.85719
7.97634	-6.3344
8.49722	-7.47477
8.69428	-10.0195
7.29132	-5.87377
6.04717	-6.11729
4.5026	-10.6879
-1.73574	-15.0591
-5.36452	-15.7216
-7.84309	-14.6878
-9.93473	-11.6651
-12.2873	-3.86631
-11.8413	-3.39101
-11.4437	-2.36977
-11.8108	-1.537
-11.1323	-2.24974
-10.4434	-2.94836
-10.5201	-3.85929
-8.86064	-6.65073
-5.05612	-8.95364
-0.229454	-11.8921
1.43563	-11.6233
-0.498414	-7.74325
0.295957	-8.18429
1.29629	-9.06701
3.10885	-5.68527
4.81366	-6.88626
2.75311	-6.19604
6.57757	-3.36096
8.95354	-1.17289
13.5373	-0.722895
10.6589	-6.86399
6.62964	-2.55019
6.32288	-5.73404
4.18709	-5.62115
5.63338	2.9056
9.28581	-0.0469763
6.47157	2.02856
2.77826	-2.81003
3.24091	-2.69177
3.66508	-6.06514
7.43913	2.53787
6.08459	-2.5705
1.74372	-8.4371
4.16019	-3.21624
3.47432	-4.2538
-1.17936	-7.59988
0.627152	-3.80239
1.39458	-7.80685
-0.284342	-3.22907
-1.12391	-4.74202
-2.08876	-5.99691
-0.119403	-3.70338
-1.99527	-2.51903
5.92712	-6.06246
-3.91523	-16.0133
-9.78341	-20.9663
-14.8624	-19.8388
-10.4495	-21.5144
-11.9208	-17.474
-12.2363	-14.6107
-9.33801	-11.9301
-2.47167	-11.8177
4.43852	-6.68759
11.8676	-12.4554
9.27066	-13.0977
9.74507	-12.8513
-0.397138	-6.75596
-2.26108	-6.16768
-3.71113	-5.85178
-4.54987	-6.0827
-5.99602	-7.15647
-7.21077	-6.47852
-7.22224	-5.77541
-7.13865	-5.53463
-5.87306	-6.46548
-2.88586	-5.59979
-7.8754	-1.21139
1.19989	-2.90151
-1.091	-3.57828
-0.829015	-5.40032
0.830631	-1.48906
1.55394	-2.45848
-0.72026	-2.53647
-3.84247	-9.12624
-5.3005	-9.99957
-8.57658	-8.97483
-9.12584	-8.91234
-8.60934	-8.20377
-8.44361	-7.98973
-7.76289	-7.82405
-10.1929	-4.16589
-11.6152	-3.18266
-11.0969	-2.47677
-11.1339	-2.4327
-11.3546	-3.04693
-11.0034	-4.33495
-10.7728	-6.46956
-9.88713	-6.59415
-10.311	-7.13249
-10.6619	-7.55631
-11.3028	-9.27694
-12.183	-11.2551
-13.0306	-12.1162
-12.3119	-11.9826
-9.73243	-13.9695
-8.35805	-16.006
-6.58173	-18.3682
-5.56147	-20.9562
-1.63859	-24.4251
-0.62271	-25.1773
-0.45365	-28.4687
4.2661	-29.3337
6.58117	-24.6322
2.87081	-14.0402
-1.4145	-5.55889
-6.59716	-15.8969
-7.50784	-17.9975
-8.7746	-19.9593
-11.9869	-16.1507
-15.4055	-17.7829
-18.0503	-15.399
-17.4385	-12.1177
-17.5896	-8.57049
-18.925	-9.81224
-19.0661	-5.55488
-18.7413	-2.62896
-18.8812	-3.32427
-15.6174	-7.80681
-5.89474	-12.3876
0.786595	-4.70146
1.28475	-6.84319
-1.09568	-8.09521
-5.59945	-9.58667
-8.8179	-11.7459
-12.2716	-14.5284
-17.5801	-13.2596
-20.4656	-10.4069
-19.5987	-9.88892
-20.3434	-9.31098
-20.4231	-9.79149
-18.3306	-8.37622
-16.1404	-7.41575
-12.7598	-8.3151
-9.91211	-10.3582
-4.63267	-13.8967
-2.05927	-17.996
4.78716	-22.9767
6.28252	-18.9895
8.63684	-23.619
8.63568	-20.8652
9.47037	-19.8674
6.89167	-17.0046
7.50545	-20.2449
6.41144	-15.0886
10.2651	-9.08952
-0.0173784	-1.72398
-3.75127	-12.954
-1.85569	-1.4477
-7.47762	-3.09727
-3.83293	-2.66087
1.3507	-10.4802
7.15429	-6.80106
2.62914	-8.03174
1.15585	-9.67101
-1.87405	-8.41998
-6.17736	-8.3537
-8.29345	-8.0947
-1.12185	-14.5243
10.6544	-18.3465
11.4555	-22.062
11.7538	-19.9682
10.0256	-17.2492
9.75657	-17.9663
9.16375	-13.3295
9.40123	-8.88247
7.91923	-23.3444
3.26836	-29.587
1.52845	-27.1421
0.32376	-27.6626
1.7946	-29.1523
5.14025	-27.1194
5.26886	-22.6
6.56652	-17.8297
6.11246	-16.1013
1.35397	-17.3013
-0.779601	-18.8259
-3.02148	-18.6547
-5.04502	-20.4055
-5.92777	-18.9637
-5.37005	-18.19
-4.38808	-17.381
-4.86948	-17.2188
-2.68277	-12.5502
-0.168716	-6.95552
6.36055	-5.56019
3.31293	-5.37257
2.0191	-11.0395
2.3106	-8.37121
2.5076	-10.1037
-2.67138	-9.38079
-4.20305	-5.40303
4.07315	1.70211
7.46267	-6.50945
9.0981	-16.1321
-3.32031	-12.6383
-8.51143	-3.42622
-6.03407	2.25859
-1.42637	-4.60568
3.2496	-5.61431
1.86115	-10.9261
2.16622	-6.48537
4.37794	-7.31947
-0.438026	-5.52375
-6.74975	-7.7693
-12.731	-7.00389
-12.8027	-9.07176
-10.1394	-12.2422
-12.0108	-9.53351
-7.22505	-13.5286
-1.64042	-15.2987
3.12636	-15.8814
-2.73723	-10.643
-2.0588	-8.24829
-2.65558	-9.76534
-0.270385	-10.6064
-1.54077	-16.4131
2.28786	-19.4597
0.726678	-20.2261
-2.22103	-22.0857
-4.8999	-24.1072
-4.78079	-23.7473
-4.47252	-23.8755
-7.40992	-22.7465
-3.32811	-25.7403
-2.25926	-27.3117
-1.58074	-27.1063
-0.724371	-27.0284
3.22941	-25.1289
3.25141	-27.6207
1.55845	-21.5828
2.10895	-15.8154
3.52239	-7.97432
4.96567	-12.0907
1.88509	-11.3342
0.8198	-5.38941
1.35545	-11.2724
-3.05302	-15.8675
-4.21753	-9.73866
-4.05188	-9.9726
-5.84542	-10.7005
-6.93603	-13.0218
-10.1194	-11.3947
-9.89681	-12.0146
-10.0754	-9.93826
-9.03639	-10.6621
-6.72952	-11.5065
-5.03253	-12.9665
-3.10083	-11.8377
3.36531	-7.58308
5.97408	-8.2452
1.05921	-6.76705
-0.680164	-6.7628
-15.5327	-1.38666
-10.4023	2.214
-14.8391	-5.53986
-16.5846	-13.1218
-17.5919	-11.1241
-18.1132	-9.27277
-19.3643	-8.89543
-16.6353	-9.65235
-15.1301	-8.59443
-12.8014	-11.0784
0.452076	-17.942
0.484038	-20.2918
2.51255	-22.7613
2.08559	-19.9119
1.55879	-18.9714
4.01311	-18.4657
2.47003	-17.5909
1.53441	-15.901
4.32824	-2.01247
-1.66745	-13.9371
-6.64469	-3.65784
-1.03836	-4.6973
1.86503	-10.493
0.475455	-20.5338
-4.6044	-15.0871
-8.12513	-12.27
-9.85306	-11.2988
-12.4209	-11.3314
-12.891	-12.331
-10.6316	-9.85814
-10.1227	-10.269
-9.2885	-9.10425
-11.6665	-11.7022
-13.988	-10.6683
-14.7829	-9.2766
-17.1812	-8.03119
-18.0349	-9.10505
-17.8874	-8.30882
-18.0196	-8.65305
-17.1752	-10.0364
-16.8282	-10.8583
-13.0824	-12.5837
-10.6233	-12.9324
-9.54818	-12.0738
-6.20839	-14.8655
-2.45745	-14.3838
-0.661604	-14.1061
-1.52418	-13.2143
6.43361	-9.62597
4.20831	-9.57289
-3.41413	-1.80735
-6.2719	0.0120562
-12.3608	-0.0378983
-8.62686	-6.71363
-8.81988	-1.80134
-12.0708	-7.61933
-7.91298	-8.45517
-5.25656	-1.24543
-11.0757	-6.06738
-7.62231	-3.38579
-15.3067	-9.67846
-6.25914	-11.0671
-8.00581	-8.72336
0.455416	-2.50081
-2.97641	-1.02279
-7.06576	-9.27682
-3.11303	-3.44558
1.44496	-3.58835
-3.71204	-8.50527
-3.05809	-4.34828
0.456375	-6.03581
0.271263	-2.31471
-3.44011	-1.85843
-2.2619	-2.4228
-1.74145	-7.68738
-2.98047	-2.52248
-0.202209	-4.62755
-6.07922	-4.20486
0.183028	2.25295
-2.01362	-5.79743
-3.44464	-5.89588
-2.07543	-8.29855
-2.88038	-4.07388
-2.71456	-7.3974
-4.60153	-7.47939
0.192221	-3.72288
1.38417	-8.43036
-0.0642259	-6.96316
-0.448542	-1.86017
-0.617819	-12.8586
-6.43373	-20.4399
-8.89916	-24.3054
-3.78002	-19.1737
-7.86288	-22.9862
-12.7713	-19.0617
-10.1601	-15.8365
-10.9187	-16.8402
-11.5739	-12.0853
-12.0251	-8.14601
-9.6471	-10.4563
-11.2032	-8.45979
-12.6168	-8.45654
-11.5117	-8.35849
-6.33983	-11.3559
-5.62104	-13.5975
-5.37284	-15.6822
-4.88339	-17.4816
-3.47579	-16.9611
-3.98066	-21.0759
-6.34087	-24.0839
-9.6982	-21.1781
-3.4658	-17.8964
-5.96843	-17.0241
-6.94282	-10.7168
-3.99768	-6.15689
-4.38125	-11.4393
-2.86445	-6.23505
0.390241	-11.5228
2.9496	-4.79183
-3.47153	-13.9884
-3.26301	-10.565
-2.18414	-8.89786
-2.42858	-10.3497
-3.13285	-11.1224
1.55178	-1.01959
-1.49736	-5.36817
-0.756334	-5.4393
-1.17585	-10.13
3.58021	-2.64768
1.98463	-4.23937
-0.617191	-6.86199
-4.95773	-23.7868
-6.31197	-22.3203
-7.11598	-24.9746
-5.80313	-25.9065
-3.17602	-26.349
-4.15295	-24.2582
-2.68454	-25.1948
-1.9395	-23.7904
-1.58949	-21.5014
0.103357	-18.5781
2.2742	-14.7173
2.43288	-12.8392
0.358871	-14.3136
-2.1375	-14.172
-4.01339	-14.6341
-8.86496	-15.5802
-10.3591	-15.0817
-10.4179	-14.6969
-10.2338	-19.2894
-5.53256	-20.0587
-3.42091	-19.7425
-4.73216	-17.4691
-5.48035	-20.6948
-2.01664	-22.0711
2.08268	-25.8335
4.90087	-24.9309
7.556	-17.0668
4.59261	-17.1761
-2.14653	-12.2893
-5.65142	-15.1899
3.29618	-10.5065
2.63533	-17.9982
1.51789	-22.5929
-0.721849	-21.5791
-0.0870096	-20.2367
0.0732181	-18.7835
-2.13589	-16.4884
-3.76881	-14.8795
-4.2269	-16.8717
-2.14649	-20.5151
-0.187073	-24.1436
-0.689618	-26.3918
1.16301	-28.7794
2.53698	-29.0839
0.996087	-29.1191
3.71796	-29.7889
1.2781	-28.436
4.3648	-30.5998
2.70296	-27.8452
-4.18086	-21.2589
0.480477	-11.7837
-5.29306	-11.6201
1.04768	-4.55194
-2.39563	-9.81676
-1.55154	-12.8879
-3.63353	-8.64407
1.05354	-7.13096
-6.48689	-14.3804
-12.6917	-4.29457
-16.0736	-9.23502
-7.49154	-4.41987
-14.8017	-12.8998
-8.0227	-4.01044
-11.7921	-7.48607
-10.2921	-8.22401
-10.5636	-3.38964
-7.58372	-6.59517
-8.76299	-3.606
-13.2504	-3.13635
-10.8148	-6.59816
-15.4104	-5.73845
-10.3895	0.573313
-14.0207	-4.26838
-18.7704	-7.21533
-12.1869	0.070963
-7.31249	-3.38723
-9.64939	-1.98277
-13.2637	-9.06018
-7.97765	-9.48416
-9.23955	-8.07906
-0.703352	-8.25747
-7.27727	-4.26133
-2.35381	-1.79453
1.69098	-6.05645
-4.50081	-2.8347
-3.39982	-2.25402
-0.549579	-4.07939
1.28691	-1.0323
1.1257	-3.60654
0.585596	-5.18691
3.18495	-0.419756
2.2065	-7.16357
-1.51192	-4.90085
0.918226	-3.74376
-0.551981	-3.05438
3.0053	-2.37771
-2.11511	-4.35323
-0.612127	-6.57196
-1.46464	-4.28319
3.32739	0.482443
-0.920947	-6.30417
3.26319	-3.50815
1.712	5.66349
3.89226	-15.1777
-2.79678	-26.1002
-1.52045	-30.3336
-1.71372	-25.1564
-1.96021	-23.6396
0.495	-26.2045
2.66147	-28.0835
4.0826	-28.8123
2.90386	-25.3714
1.56516	-23.0513
1.65012	-18.1611
4.92898	-11.4194
0.189126	-11.7122
2.18016	-21.4303
0.885946	-17.7414
4.03861	-13.0715
-0.0720628	-10.9557
-1.89867	-13.8139
0.706035	-9.52888
1.20694	-14.104
-1.22805	-12.9662
-2.76241	-11.4964
-5.61926	-12.7773
-10.5936	-6.70263
-9.35401	-4.57887
-9.77742	-3.67472
-9.06583	-2.79341
-8.83937	-3.6108
-9.05251	-2.74512
-7.65476	-3.16509
-0.177118	-3.06633
5.53431	-14.0231
8.26621	-14.1447
6.74274	-16.1697
10.2035	-20.6431
8.36569	-24.8681
10.7176	-20.8854
9.98714	-21.2201
-1.63505	-9.6798
-6.60346	-11.7277
-8.85243	-14.9844
-8.73111	-16.5776
-8.49629	-17.3549
-7.88739	-16.2536
-5.2744	-14.8067
-3.46177	-12.9394
-4.09608	-10.0416
-4.80919	-4.92271
-3.59786	-6.16504
-3.78029	-4.0895
0.483466	-4.92527
6.37604	-2.79814
6.06145	-10.681
8.40396	-11.6189
7.75625	-9.23342
5.94716	-12.2833
4.32916	-14.1941
1.96624	-16.7192
-1.91817	-15.2692
-2.04928	-14.7784
-1.59687	-13.7779
-0.711015	-14.6464
-1.63869	-13.1238
0.598165	-6.45936
-0.563898	-4.4362
-0.578955	-5.19794
-1.62264	-4.62629
0.396867	-7.4232
2.55941	-11.869
7.70497	-16.5173
8.41522	-11.6485
4.27613	-15.0444
1.69317	-15.5405
-1.53831	-17.6087
-3.1593	-17.6079
-3.99378	-19.0763
-4.52739	-20.1821
-4.34201	-22.9167
-3.98973	-22.5087
-2.07549	-23.3715
2.01445	-23.7502
5.03343	-20.5129
2.62961	-9.50178
-2.52952	-11.2602
-6.90487	-14.1311
-8.72312	-12.2183
-8.18558	-9.54536
-4.12359	-8.53523
-7.78896	-5.96644
-9.6982	-11.2256
-9.5166	-13.3672
-7.51545	-14.3668
-3.30475	-18.3045
0.687891	-22.7882
3.00186	-21.8186
9.04638	-16.6031
-1.12227	-7.90591
-2.15517	-15.6712
-2.53042	-15.2579
0.593758	-12.8558
5.26048	-11.8857
1.73219	-18.0396
-2.69943	-14.0208
-4.44034	-10.8594
-6.53702	-6.0142
-10.3337	-6.08275
1.15437	-7.35408
6.16436	-4.46184
3.70922	-3.96368
-1.41104	-3.49964
-8.49885	-4.10076
-15.7232	-1.66307
-19.5732	2.96953
-17.4527	6.14154
-16.9807	7.71237
-16.5323	6.51815
-18.2726	8.27757
-17.4409	6.89346
-18.8839	7.58289
-18.6742	5.13977
-17.6343	4.93234
-17.938	1.46869
-17.6775	3.14653
-16.0242	1.86873
-12.1519	-1.70509
-10.5465	0.0306057
-4.14307	0.372616
-1.53266	-3.89262
3.43224	-6.46484
0.403011	-8.96359
-0.0549834	-6.46438
-3.14646	-4.37923
-6.84134	-6.37213
-2.69289	-6.14356
-4.43567	-9.40784
-9.02856	-6.76766
-5.04591	-12.1345
-6.30104	-10.0584
-7.78193	-6.74861
-8.67617	-5.83855
-8.88996	-4.57706
-8.40503	-4.42246
-9.77026	-2.53367
-6.96105	-2.21031
-6.0919	4.03721
-1.38382	5.79478
-0.694517	12.8558
6.52677	7.38001
3.51274	2.47343
-1.54095	-3.89485
-4.50836	-7.1167
0.636474	-3.72185
1.39621	-4.0719
-3.92953	-5.39366
1.30494	-9.89887
-1.84566	-6.74221
-1.67508	-4.3381
-1.30857	-5.81388
-0.873202	-11.3647
-2.1603	-4.07647
-1.02278	-6.09241
1.78475	-2.82954
-0.354801	-4.60776
2.59893	-4.37797
2.87608	-6.4006
-0.430634	-5.7897
3.96023	-3.38714
-0.44122	1.2321
1.39975	-1.10812
0.570379	-5.61706
1.84858	-4.10601
7.77233	-3.24825
5.60624	-15.5126
5.06653	-10.0329
5.4761	-13.0895
6.23501	-17.8423
7.65997	-22.5153
7.97566	-19.1946
3.65661	-19.1835
4.20266	-20.7998
3.68516	-23.6465
4.75889	-24.4831
7.77633	-20.9485
5.4159	-20.1053
-0.566167	-19.282
-3.67379	-18.3624
-6.0313	-18.1727
-7.02661	-16.7305
-7.58721	-17.1315
-6.76396	-17.1016
-4.25073	-17.7433
-2.0249	-19.0736
-1.5387	-14.7054
-1.90112	-15.005
1.38189	-4.91812
-2.0957	-6.22266
4.99658	-0.648203
7.72678	3.58185
7.94392	-5.68335
3.54654	-0.221383
11.2351	4.23695
4.14341	-0.322855
5.08216	-1.73825
0.423136	-20.3919
5.02794	-30.0643
2.12751	-31.3106
-0.220218	-28.8344
-1.13399	-28.0383
-1.31574	-25.4185
-1.23177	-23.9413
0.536671	-19.7053
-4.33188	-15.021
-1.23114	-0.488159
-5.31071	-1.3407
-8.73938	-3.59379
-4.05963	-6.356
-3.52017	-5.26638
0.604135	-3.08589
1.24743	-0.00365299
0.817585	-9.52647
2.47062	-7.67229
-2.43504	-9.3997
3.34028	-5.96207
-1.80059	-8.68386
-8.06544	-9.67499
-9.75128	-12.0333
-7.81446	-12.2794
-4.1821	-14.0445
3.90558	-10.7443
7.19586	-9.31729
12.3057	-7.06734
1.50416	-17.5218
-4.00873	-13.5555
-6.355	-11.6464
-6.81949	-10.8237
-5.72027	-11.1525
-4.12302	-9.33298
-2.42202	-8.5524
-5.04275	-7.34578
4.55988	-4.53071
4.97321	-7.63571
5.73419	-4.86134
7.03655	-4.15579
2.14478	-9.56732
-3.51122	-5.20238
-10.383	-2.47571
-2.24401	-13.1812
3.70462	-26.1176
3.06503	-25.9062
4.04648	-27.4376
4.48405	-26.1581
3.7996	-21.9289
3.05708	-20.535
3.08688	-20.3167
2.06474	-20.6774
2.60371	-21.403
2.35825	-21.1401
3.38634	-20.2128
3.25027	-18.3298
-2.02926	-13.9215
-0.463561	-13.5727
2.10655	-14.3494
3.43714	-13.6072
7.97342	-8.78999
12.2601	-7.28905
5.31258	-10.3622
2.07785	-9.12896
5.24227	-9.21905
7.97979	-10.9821
3.43508	-1.14038
-5.65164	-3.84886
-4.28098	-1.94023
-2.01852	-1.81059
-1.75177	-3.32332
-2.19876	-6.07621
-2.99599	-9.08669
-3.55644	-12.0877
-5.75306	-9.91633
-8.42758	-10.9541
-9.93211	-10.4903
-10.9577	-8.09882
-12.1568	-7.7499
-12.8595	-7.09036
-13.7696	-8.5085
-13.1449	-8.91481
-14.5386	-9.24302
-14.878	-9.08129
-11.919	-11.4498
-9.05386	-12.5722
-5.04061	-8.42066
-4.01755	-10.3787
-2.92861	-12.4303
-5.73878	-2.99736
-6.88069	-0.661647
-4.61488	-2.65612
-5.598	-1.59952
-4.94827	-0.962828
-6.1875	-4.17341
1.08614	-4.90897
3.48635	-6.04077
6.69818	-6.94372
2.51604	-4.34469
-2.81272	-3.64805
-5.53371	-1.76936
-9.19716	-1.26007
-11.8175	-0.40944
-10.8325	-3.39424
-10.0288	-5.97671
-8.52169	-5.899
-4.88017	-3.0047
-2.92071	-6.4473
3.56663	-0.575558
-5.32598	2.98477
-7.54161	-1.32383
-9.95021	-0.258677
1.43933	3.72269
-4.46908	-5.44694
-4.70978	-1.14738
-3.80518	-4.12106
-4.27976	-7.18445
-6.68124	-6.87015
-3.36493	-3.43634
-8.31149	-6.36746
-3.90963	-1.25933
-6.17224	-3.04182
-6.59404	-9.14339
-7.64692	-11.1926
-7.61471	-11.7218
-4.7145	-8.92028
-4.92426	-8.23369
-0.923838	-5.98948
0.0829668	0.565432
-6.87959	-8.26572
-8.92227	-6.63466
-9.76556	-7.26182
-11.6325	-3.87404
-11.7728	-11.0104
-8.65038	-11.0683
-8.4419	-6.49701
-10.8013	-6.54851
-9.71784	-8.21068
-8.02769	-4.38624
-6.94533	-8.9399
-6.87581	-12.2321
-7.3515	-14.7713
-6.93825	-13.9905
-6.42208	-13.4601
3.74108	-15.0687
-4.52732	-14.3507
-4.58148	-14.05
-4.61125	-13.0572
-6.50489	-10.6289
-6.75496	-8.54846
-9.06287	-9.18768
-8.27911	-9.6866
-8.26689	-12.1095
-9.10674	-13.4465
-9.923	-14.9147
-7.37264	-16.0815
-5.29731	-17.0864
-5.5672	-17.8615
-7.323	-20.1352
-7.313	-22.3191
-7.56404	-25.7768
-6.1604	-28.1979
-4.82322	-30.2063
-3.06948	-31.2424
-2.83626	-30.2493
-2.86783	-29.4111
-2.64658	-30.749
-1.38832	-28.1403
-2.06226	-29.3529
-0.552052	-31.9323
4.01483	-26.9703
-0.0245936	-22.7361
2.31704	-19.1657
5.80235	-13.6371
4.18222	-12.2245
-0.9167	-15.0721
-6.81835	-16.6932
-7.65476	-19.1145
-10.6312	-12.1436
-7.88862	-6.03336
-1.56266	-4.88967
-11.6147	-3.66018
-6.39789	-9.90501
-11.66	-12.1594
-8.541	-5.64969
-7.216	-9.74629
-11.0177	-5.2276
-7.9481	-10.0828
-4.20394	-6.5561
-11.4147	-8.02977
-6.59227	-8.4285
-7.56489	-6.18569
-8.83131	-6.97567
-0.273768	-4.63755
-0.436777	-5.19402
3.64145	-8.15289
1.37307	2.96192
-1.80241	-2.45436
0.531154	-6.8224
-2.49614	-4.86727
1.17651	-11.6439
-0.472256	-4.64449
-2.26815	-13.781
-11.8181	-24.6697
-12.2316	-26.2032
-6.41029	-24.7294
-8.92613	-24.4556
-10.0022	-18.3877
-12.414	-16.2242
-10.0135	-14.5656
-4.40792	-16.296
1.11461	-13.0216
7.00488	-11.1697
7.77627	-13.6354
7.00178	-14.1181
1.04833	-12.7208
-2.59774	-9.93413
-2.50891	-10.8999
-2.24416	-11.5183
-2.08049	-12.2052
-1.07028	-12.5157
-1.34845	-11.9708
-1.8616	-13.2701
-1.80628	-13.7397
-0.562243	-15.4643
0.656054	-16.687
-0.0325848	-17.0225
0.45753	-19.4547
0.587555	-19.3925
1.77773	-20.4495
0.470213	-16.8066
-2.43569	-17.1645
-3.56699	-16.2208
-5.47039	-16.5951
-6.553	-16.4503
-6.00148	-16.6515
-5.76366	-16.9913
-5.76083	-16.3588
-5.2469	-14.2071
-5.67111	-13.461
-6.50825	-13.8531
-5.45564	-13.0527
-5.03665	-13.75
-4.98386	-15.7487
-3.86872	-17.5841
-2.6441	-19.2919
-2.03947	-20.6665
-2.87718	-22.2511
-0.901365	-21.1461
2.54988	-18.132
3.43677	-19.9354
2.88279	-21.9191
2.60682	-20.2985
3.36928	-21.1299
-1.4645	-21.5492
-4.46955	-21.8119
-6.95002	-23.8119
-7.62238	-21.7778
-6.66559	-21.6363
-6.67296	-17.382
-6.5252	-16.5148
-7.31422	-14.3671
-7.73998	-13.2929
-9.31796	-13.0282
-9.61425	-12.1558
-11.2544	-12.3297
-10.2833	-12.6556
-8.37063	-12.6384
-8.09583	-11.0197
-6.27541	-9.99371
-6.01061	-11.1904
-7.0098	-13.4762
-7.58865	-13.6654
-7.70802	-14.125
-8.87669	-14.7948
-8.99823	-14.4125
-8.46889	-15.285
-7.24857	-14.2496
-6.49887	-14.2486
-6.54407	-11.8117
-6.60577	-11.3252
-4.88561	-12.9387
-7.30227	-8.86659
-9.74181	-7.25531
-13.4444	-6.3209
-10.8848	-7.74166
-8.98065	-7.75621
-7.18448	-5.63828
-8.4514	-1.9188
-5.00555	-9.59158
-7.83886	-7.29183
-6.44886	-4.09303
-4.40235	-12.4036
-1.97088	-12.4134
0.958944	-10.4175
-0.950599	-1.80702
-1.13136	-3.35891
-2.82572	-10.6186
-1.36215	-7.24339
-1.04227	-11.7489
2.04972	-5.31537
0.344559	-8.46187
1.12885	-2.09722
1.08376	-6.07499
-2.58636	-5.6533
0.380756	-1.75903
1.59792	-4.717
4.82156	-3.80817
9.50768	-11.0132
6.90424	-7.2144
8.16627	-9.22407
5.85046	-3.9821
6.3175	-5.4338
7.26914	-7.58223
5.67334	-3.24681
9.62543	-3.8913
10.2108	-2.90678
6.08764	-4.27239
-6.90656	-3.07795
-6.1741	0.520456
-2.7701	-4.1759
-2.41716	-6.8474
0.615289	-9.69017
2.45775	-9.90201
9.6047	-9.68586
12.5202	-16.0835
8.45586	-14.6551
8.31661	-15.9273
7.65315	-13.5771
8.10523	-10.508
7.0536	-9.84282
8.10254	-9.64754
8.88322	-10.0012
2.82244	-9.88564
-2.99911	6.67911
-7.34709	-4.90376
-2.49306	-10.0322
-2.08698	-15.9706
-3.73862	-14.509
-7.13237	-12.3086
-6.57004	-12.7975
-7.73563	-11.257
-7.79205	-12.826
-6.82355	-12.8618
-5.56256	-12.0335
-6.72183	-11.7977
-8.07292	-9.95458
-8.01836	-11.2158
-8.73695	-10.5139
-10.3015	-10.323
-9.02681	-13.4296
-6.71458	-14.9628
-8.44405	-14.3499
-8.73511	-13.3387
-12.6707	-10.2153
-15.4308	-6.38263
-15.0791	-5.64387
-14.8165	-4.56836
-13.6998	-7.5375
-15.1458	-8.26687
-15.8204	-7.06508
-15.5538	-7.71583
-12.3839	-8.29072
-9.52574	-7.15023
-8.92076	-6.43439
-9.49282	-10.8332
-10.3162	-13.8139
-6.22293	-17.9475
-5.32939	-18.3936
2.29075	-7.17088
1.29517	-25.2649
-9.35762	-17.7014
-13.3446	-12.407
-12.5299	-9.62498
-11.4579	-11.2399
-9.87664	-10.9118
-11.3352	-10.5379
-12.2038	-10.2036
-8.80158	-15.4015
-10.8495	-12.5743
-6.02751	-11.1968
-4.71012	-11.358
-7.40196	-9.38475
-3.27584	-8.83416
-7.5554	-3.07767
-8.18906	0.587321
-7.06685	-0.963633
-10.2504	-3.73016
-3.30941	-3.17567
-7.71102	-9.52793
-9.45512	-9.89642
-5.70777	-8.73287
-7.07523	-7.08207
-8.04763	-6.07975
-9.61205	-1.42102
-6.75887	-0.202934
-3.16977	0.0196032
-2.90314	1.47512
-1.80329	2.69571
0.203219	2.23375
3.7746	1.29215
6.99941	2.60163
4.29579	3.8753
5.54961	2.79886
0.0217837	0.280029
2.36093	1.20047
0.109834	-5.8365
-0.1501	-0.768088
0.521601	0.749569
0.741721	-5.90843
0.113626	-6.63993
1.1736	-5.19988
0.742573	-6.17073
-9.13976	2.6321
-17.1536	-4.69682
-16.3843	-4.92697
-13.4086	-4.58707
-11.416	-4.58596
-11.4658	-5.07643
-11.2736	-2.19277
-12.7402	-4.19213
-12.2524	-6.29324
-10.2752	-6.67454
-5.30282	-5.96649
-8.84728	-12.2642
-2.94058	-11.6235
-6.20214	-9.46242
-7.29175	-12.0314
-8.17849	-11.0732
-7.59653	-9.11147
-6.65644	-9.0813
-5.66576	-8.69452
0.360011	-12.4681
5.48944	-13.1012
3.18022	-11.4819
2.9055	-8.44933
-2.28753	-5.68588
-6.03416	-4.57989
-9.0271	-5.65274
-9.88025	-7.17142
-10.5616	-6.75377
-10.5982	-7.08658
-9.96124	-9.62489
-6.85741	-14.2819
-7.78333	-14.5704
-9.03045	-16.7595
-9.98276	-15.7549
-11.094	-14.9447
-14.4819	-9.32481
-17.5355	-5.92874
-16.7615	-5.09764
-15.5492	-3.31238
-15.6162	-4.69753
-16.086	-5.51094
-15.9433	-7.618
-20.6293	-9.24153
-23.7326	-13.9567
-23.0888	-16.522
-21.037	-19.6433
-22.3462	-18.7386
-19.6816	-18.8994
-21.8379	-18.29
-22.2526	-17.45
-22.508	-20.6046
-24.3272	-19.1995
-21.4893	-15.9843
-21.1134	-15.2775
-20.7745	-9.52895
-19.3805	-9.63205
-16.8289	-7.30725
-13.9119	-9.46936
-11.5807	-8.27849
-9.9263	-9.07086
-7.36991	-12.5773
-6.29641	-15.8041
-4.78831	-22.5448
-3.70263	-24.9421
-2.01343	-29.0614
-1.97966	-31.6608
-0.70419	-29.4866
-0.317149	-29.353
0.686463	-27.9388
-2.25676	-29.3544
-0.381812	-29.1408
2.69184	-27.7546
3.70069	-26.1587
7.52923	-20.0187
-0.581059	-14.5061
-2.32255	-17.2889
-4.06849	-11.215
-3.1852	-12.2312
-5.01827	-15.9308
-3.19244	-16.2
-1.31135	-14.6792
-3.46559	-10.6466
-2.81084	-15.7079
-2.86616	-7.55701
-2.24716	-12.3837
-2.30021	-10.0193
1.69614	-8.75069
-3.71985	-13.7629
-5.32787	-11.1647
-9.30684	-12.6096
-2.84808	-6.85293
-10.6001	-12.0735
-13.0903	-12.9337
-7.64597	-9.65627
-3.35485	-9.67679
-8.63688	-12.9477
-8.73088	-12.5055
-5.27063	-12.5894
-2.28933	-9.07256
-9.47572	-12.1451
-0.908955	-11.2486
-1.59671	-14.0641
-0.00803079	-7.28688
0.417396	-7.46687
-2.6963	-8.62554
0.674763	-8.1678
-1.25561	-8.83279
-0.531608	-9.93515
1.60728	-7.7766
3.0464	-4.31676
-0.786365	-3.70464
4.8205	-4.81791
2.84759	-4.5558
-2.00431	-7.74044
-1.74504	-1.95326
-2.31565	-9.12225
-1.9572	-5.52376
-0.172471	-8.86006
-2.98362	-8.92309
-0.843889	-2.92719
-1.29226	-9.0406
0.36294	-3.93536
-0.47229	-4.67047
-0.520823	-7.07267
-3.95774	-5.51963
0.379497	-4.89245
-2.05784	-5.47627
1.93151	-11.2516
0.328644	-2.97044
-1.8583	-5.86516
1.87546	1.76709
-0.711494	-12.3048
-1.40257	-3.86137
2.48862	-0.745126
3.37384	-0.943604
0.467324	-8.44628
-0.150511	-11.331
1.08477	-5.2288
-0.766175	-4.683
-4.23406	-6.44466
-1.15191	-6.81218
-0.339692	-7.29569
-5.84831	-2.92989
-8.36688	0.290606
-12.8987	-0.0987932
-14.3973	3.18661
-13.7928	-2.82618
-15.5375	-3.86741
-14.6179	-5.33638
-14.7422	-9.24044
-16.9751	-12.214
-18.7209	-11.3309
-18.26	-11.6684
-16.2348	-12.3882
-19.1255	-13.0655
-17.6694	-16.5949
-16.7282	-17.8292
-12.1944	-23.124
-9.13322	-21.4288
-0.0162809	-18.1777
-1.19462	-18.6756
-1.36663	-20.3497
-0.938654	-19.1355
1.80731	-22.7525
2.60869	-26.4082
2.75756	-26.1351
5.27678	-21.1896
1.788	-18.2076
5.6398	-9.59284
-4.15328	-8.07009
-17.5932	-12.2215
-9.88515	-6.98088
-13.6326	-14.4816
-15.6626	-11.856
-12.6518	-12.4142
-13.93	-8.01651
0.21799	-7.67006
1.57473	-0.391165
8.95084	1.33838
3.45739	-7.10013
-6.44156	-3.8739
-4.55077	-0.753945
-5.93552	1.48772
-4.18554	-3.34509
-0.206869	-8.37579
-0.530858	-5.31948
-1.17658	-11.3867
-1.44839	-6.8667
-2.30946	-14.9765
-7.96503	-12.2533
-9.29648	-12.9135
-10.1156	-12.4394
-11.5052	-10.8402
-11.0193	-12.1528
-9.4352	-11.3777
-4.48841	-7.64264
1.30011	-5.28368
3.57652	-8.8078
1.15614	-7.79205
1.3468	-9.86512
-1.33481	-7.46911
0.338481	-7.34564
4.79526	-6.15064
0.0253399	-13.9019
-8.03394	-6.56669
-12.9685	-9.50559
-15.8375	-6.53548
-16.8824	-6.78477
-17.3039	-7.3034
-15.7192	-11.5191
-15.1594	-12.9364
-10.5337	-14.1857
-7.59712	-14.6218
-9.08303	-10.9495
-7.77698	-5.28364
1.88544	-4.24272
-1.34321	-4.42622
-6.26309	-12.2149
-6.26988	-9.42161
-4.13683	-5.17098
-4.01352	1.52619
-4.26295	-7.17058
0.664919	-14.2827
-3.83068	-13.3833
-3.96072	-10.3401
-5.71323	-6.30356
-7.31058	-5.43104
-6.07712	-4.28872
-0.26669	-6.44552
7.54026	-6.39009
9.36011	-8.44717
8.13016	-9.22893
9.09818	-15.7838
9.44713	-21.8732
8.21502	-26.1842
1.99576	-25.8497
0.179433	-26.2099
0.290595	-24.726
0.569945	-25.0956
-0.489389	-22.5225
-1.51823	-24.8096
-3.42523	-21.5377
-5.50684	-25.1742
-3.85773	-20.4473
0.00684321	-22.3205
1.93428	-22.175
2.98368	-20.5011
7.48827	-17.2271
7.33253	-5.19889
7.39268	-4.81939
8.06062	-1.08772
10.0144	-0.220484
12.9712	-0.687481
-1.2517	-5.6072
4.20769	-3.89274
-4.39675	-13.7954
-0.704352	-7.61035
2.07815	-12.2373
-0.838566	-3.64766
0.918136	-3.83123
